Close
Raw: (583) 3444,1676,468,1228,468,1232,464,396,468,396,468,392,468,1208,492,396,464,372,492,1232,468,1228,468,396,468,1228,468,396,468,396,464,1232,468,1204,496,392,468,1232,468,1228,468,396,468,392,472,1228,468,392,468,396,468,1232,464,396,468,396,468,392,468,396,464,396,468,372,492,372,492,392,468,396,468,392,468,396,464,396,468,396,468,392,468,372,492,368,492,396,468,392,448,416,468,392,472,392,468,396,468,392,468,396,468,392,472,392,468,1228,472,1228,468,396,468,1204,492,396,468,1228,468,1232,468,396,468,1228,468,392,472,392,472,392,468,392,472,392,468,1232,468,1228,496,368,468,388,476,392,468,1228,496,368,496,1200,496,1204,496,364,500,1200,496,368,496,340,520,1204,496,364,500,364,496,364,500,364,496,364,500,364,500,364,496,364,500,360,500,364,500,364,500,360,500,364,500,360,500,364,500,364,496,364,500,360,504,360,500,360,504,360,500,360,504,360,500,340,524,360,500,336,528,360,500,364,500,364,500,360,500,364,500,360,500,364,500,360,504,360,500,360,500,364,500,1200,500,360,500,340,524,360,500,332,532,360,504,360,500,332,532,360,500,360,504,336,524,364,500,360,500,340,524,336,528,360,500,364,500,360,500,364,500,360,500,1196,504,360,500,364,500,1196,500,1200,500,360,504,360,500,360,504,15696,3480,1644,496,1200,500,1200,500,360,500,364,500,360,500,1200,500,360,500,364,504,1196,500,1196,500,364,500,1196,500,364,500,360,500,1200,476,1220,480,380,504,1200,500,1196,500,364,500,360,500,1200,500,360,500,364,500,1200,496,364,500,360,500,364,472,392,472,388,476,388,472,388,476,388,472,388,476,384,476,388,472,392,472,368,492,392,472,392,468,392,472,392,468,396,468,392,472,392,468,392,448,412,472,392,472,392,468,392,472,392,468,1228,472,1228,472,364,496,1228,472,392,468,1228,472,1224,476,388,472,1228,472,388,476,388,472,392,472,388,472,388,476,1224,496,1176,500,388,500,364,496,364,476,1224,472,388,476,1224,472,1228,496,364,476,1224,472,384,480,388,472,1200,496,388,480,384,500,364,472,392,496,288,572,364,500,364,476,388,472,388,476,388,496,364,500,364,500,336,500,364,500,384,476,388,476,384,500,364,500,364,472,388,500,336,524,336,504,388,476,388,472,364,500,388,472,388,476,388,496,364,476,388,476,384,476,384,476,388,500,364,472,388,476,388,472,388,476,1224,472,364,496,392,472,392,472,388,472,392,472,388,476,388,472,364,496,368,496,392,468,392,472,392,472,388,472,392,448,416,468,392,448,416,444,416,472,392,448,1248,448,392,496,392,444,1252,448,1252,448,412,448,416,448,412,448,




open:
Raw: (583) 3428,1700,440,1252,448,1252,448,412,448,416,444,416,448,1252,444,416,448,412,452,1252,444,1252,448,416,444,1252,448,412,452,412,448,1252,448,1252,444,416,448,1252,444,1252,448,416,448,416,444,1252,444,420,444,412,452,1252,444,416,448,416,444,416,448,416,448,416,444,416,448,416,444,416,448,416,444,416,448,416,444,416,448,416,448,412,520,344,448,416,444,416,448,416,444,416,524,340,448,1248,448,416,448,412,448,416,444,416,448,416,448,1248,448,1256,444,412,452,1252,444,392,472,1252,444,1252,448,416,520,1180,444,416,444,416,448,416,448,412,448,416,448,1252,444,1252,448,416,444,1252,448,1248,448,416,448,412,452,1248,448,1252,448,412,448,416,448,1248,448,412,452,1252,444,392,472,416,448,412,448,416,448,416,444,416,448,416,444,416,448,416,448,412,448,416,448,412,448,416,448,412,448,416,448,416,444,416,520,344,444,416,452,412,448,416,444,416,448,376,484,416,448,416,444,416,448,416,448,412,448,416,448,412,448,416,448,412,448,416,448,416,444,420,444,412,448,416,448,1248,448,420,444,416,448,412,448,416,448,416,444,420,444,416,444,420,444,416,448,412,448,416,448,412,448,416,448,412,448,416,448,416,448,412,448,412,452,412,448,1252,444,420,444,392,472,416,444,1252,448,1252,444,416,448,416,448,15752,3476,1644,448,1248,448,1252,448,416,444,416,448,412,452,1248,448,412,448,416,448,1252,448,1248,448,416,448,1248,520,344,448,416,444,1256,444,1252,448,412,448,1252,448,1248,448,380,484,412,452,1248,448,416,448,416,444,1252,448,408,452,416,448,412,448,412,452,416,500,364,444,412,504,336,472,412,452,412,504,360,504,360,496,364,448,416,500,360,500,364,448,416,444,416,500,360,500,364,504,1192,448,416,500,360,448,412,504,364,444,416,500,1200,448,1248,448,416,448,1252,444,416,448,1248,448,1252,448,412,452,1248,448,416,500,360,448,416,500,360,500,364,500,1200,500,1196,448,412,452,1248,500,1200,448,412,448,416,500,1196,452,1176,576,356,504,360,504,1156,488,412,504,1196,500,364,500,360,500,360,504,360,500,360,500,364,500,360,504,360,500,364,496,364,500,360,500,364,504,360,500,364,496,364,500,364,496,280,672,248,524,364,500,360,500,364,500,364,500,360,504,360,496,364,500,364,496,368,496,364,500,364,496,344,520,364,496,364,500,364,496,368,472,388,472,392,472,392,492,1204,496,340,524,364,472,388,496,368,496,368,472,388,496,368,472,388,472,368,496,388,476,384,476,388,476,388,472,388,476,388,472,388,476,388,472,388,476,388,472,1228,472,388,476,388,472,388,476,1224,472,1228,472,388,472,392,472








16c:
Raw: (583) 3444,1676,468,1228,468,1232,468,396,468,392,468,372,492,1204,492,396,468,392,468,1232,468,1228,472,392,468,1204,492,396,468,396,468,1228,472,1228,468,392,472,1228,468,1228,472,392,472,388,472,1228,468,396,468,368,492,1232,468,392,472,392,468,396,468,392,468,396,468,392,468,396,468,392,472,364,496,392,472,392,468,392,472,392,468,392,472,392,468,396,468,392,472,392,468,392,472,392,468,1228,472,392,468,392,472,368,492,372,492,392,468,1232,468,1228,472,392,468,1228,472,392,468,392,472,392,468,396,468,392,468,372,492,392,472,392,468,392,472,392,468,1232,468,1228,468,392,472,1228,468,1208,492,392,472,392,468,1228,468,1232,468,396,468,392,468,1228,472,392,468,1232,468,368,496,392,468,392,472,392,468,392,472,392,468,396,468,392,472,392,468,392,472,392,468,392,472,392,468,396,468,392,468,396,468,392,472,392,468,392,468,396,468,392,472,392,468,392,472,392,468,396,468,392,472,388,472,392,468,396,468,392,472,392,468,392,472,392,468,392,472,392,468,396,468,392,468,1232,468,392,468,396,468,392,472,392,468,392,472,368,492,396,468,392,468,348,516,368,492,396,468,392,472,364,496,396,468,392,468,392,472,392,468,392,472,392,472,392,468,1232,468,1228,468,396,468,392,468,1232,468,392,468,372,492,15728,3448,1676,468,1228,468,1232,468,372,492,392,468,392,472,1228,468,396,468,392,468,1232,468,1228,468,396,468,1228,472,392,468,392,472,1228,468,1232,468,368,492,1232,468,1228,472,392,468,396,468,1228,468,348,516,392,468,1232,468,392,468,372,492,392,472,392,468,392,472,392,468,392,472,392,468,392,472,392,472,392,468,392,472,392,468,392,468,396,468,392,472,392,468,392,472,392,468,348,516,1228,468,396,468,392,468,396,468,396,464,396,468,1232,468,1228,468,396,468,1228,468,396,468,392,468,396,468,392,472,392,468,392,472,368,492,396,468,368,492,396,468,1228,468,1232,468,396,468,1228,468,1208,492,392,468,396,468,1228,468,1232,468,392,468,396,468,1196,504,368,492,1228,472,392,468,396,468,392,468,396,468,392,468,396,468,396,468,392,468,396,468,392,468,396,468,392,468,340,528,388,472,388,472,392,468,396,468,392,472,392,468,396,468,392,468,396,468,392,468,396,468,368,496,392,468,392,472,392,468,396,468,392,468,396,468,392,468,396,468,356,504,396,468,392,468,396,468,1232,468,392,468,392,468,396,468,396,468,392,468,396,468,392,468,396,468,392,468,396,468,396,464,396,468,396,468,392,468,396,468,392,468,396,468,392,468,368,496,396,464,1232,468,1232,464,396,468,396,464,1236,464,396,468,392,468











27c:
3448,1672,468,1232,468,1228,468,396,468,392,468,396,468,1232,468,392,468,348,516,1228,468,1208,492,392,468,1232,468,392,472,392,468,1228,468,1232,468,396,468,1228,468,1232,468,396,464,396,468,1232,468,392,468,396,468,1228,468,396,468,392,468,396,468,396,464,396,468,392,468,396,468,392,472,392,468,396,464,396,472,392,464,396,468,372,492,392,468,396,468,396,468,392,468,392,472,392,468,1232,464,396,468,396,468,392,468,396,468,392,468,1232,468,1232,468,392,468,1232,468,372,488,1232,468,1232,468,392,468,1232,464,396,468,396,464,396,468,368,496,392,468,1232,468,1228,472,392,468,1232,468,1228,468,396,468,392,468,1232,468,1228,472,392,468,392,468,1232,468,368,496,1228,468,396,468,392,468,396,468,392,468,396,468,396,464,396,468,396,464,396,468,396,468,392,468,396,468,392,468,396,468,392,472,392,468,392,472,392,468,396,468,392,468,396,468,392,468,396,468,392,468,372,492,392,472,372,488,396,468,392,468,396,464,396,472,392,468,392,472,392,468,396,468,392,468,396,464,1232,468,396,464,396,468,396,468,392,468,396,464,396,468,396,468,392,468,396,468,396,468,392,468,396,468,392,468,396,468,396,464,396,468,396,468,392,468,396,468,1208,488,396,468,392,472,392,468,1232,468,1228,468,396,468,392,468,15732,3444,1676,464,1236,468,1232,464,396,468,392,468,396,468,1228,468,396,468,392,472,1228,468,1232,464,396,472,1228,464,396,468,396,468,1232,468,1228,468,396,464,1232,468,1232,468,392,468,396,468,1228,468,396,468,392,468,1232,468,396,468,392,468,396,468,392,468,396,468,392,468,396,468,392,468,396,468,396,468,392,468,396,468,392,468,392,472,392,468,396,468,392,468,372,492,368,492,396,468,1232,468,392,468,396,468,368,492,396,468,392,472,1228,468,1228,472,392,468,1232,468,392,468,1232,468,1228,468,396,468,1228,468,396,468,396,464,396,468,372,492,392,468,1232,468,1232,464,396,468,1232,464,1232,468,372,492,392,468,1232,468,1232,464,396,468,392,468,1232,468,396,464,1232,468,392,472,392,468,396,468,392,468,396,468,392,468,396,468,396,464,396,468,396,468,368,492,396,468,392,468,396,468,392,468,396,468,392,468,396,468,396,468,392,468,396,468,392,468,396,468,392,468,396,468,392,468,396,468,396,464,396,468,396,468,392,468,396,464,372,492,396,468,392,472,392,468,396,464,1232,468,392,468,396,468,396,464,376,488,396,468,392,468,396,468,392,468,396,468,392,468,396,468,364,500,392,468,396,468,392,468,396,468,396,464,372,492,392,472,1228,468,392,468,396,468,396,464,1232,468,1232,468,392,468,396,468



cold mode:
Raw: (583) 3416,1728,412,1264,436,1260,436,452,412,448,412,452,412,1284,416,448,412,448,416,1260,436,1260,440,448,412,1264,436,448,412,452,412,1260,440,1260,436,448,416,1260,436,1236,464,448,412,452,412,1264,436,448,412,448,416,1284,412,448,416,448,412,448,416,448,412,452,412,452,412,448,412,448,416,448,412,448,416,448,412,448,416,448,412,452,412,448,416,448,412,448,416,448,412,448,416,448,412,1288,412,448,412,452,412,448,412,452,412,448,416,1260,436,1264,436,448,412,1260,440,448,412,1252,448,1260,440,448,412,1284,416,448,412,448,416,448,412,448,416,448,416,1260,436,1284,416,448,412,1256,444,1260,436,448,416,448,412,1260,440,1260,440,448,412,448,416,1284,412,448,416,1260,436,448,416,448,412,452,412,448,416,448,412,448,416,448,412,448,416,448,412,448,416,448,412,452,412,448,412,452,412,448,416,448,412,448,416,448,412,452,412,448,412,452,412,420,440,452,412,448,416,448,412,448,416,448,412,448,416,448,412,448,416,448,412,452,412,448,416,448,412,448,416,448,412,448,416,1260,436,452,412,448,416,448,412,448,416,448,412,448,416,448,412,448,416,448,412,420,444,448,412,452,412,448,416,448,412,448,416,448,412,448,416,448,412,448,416,1284,412,452,412,448,412,452,412,1260,440,1260,436,448,416,448,412,15764,3416,1704,436,1264,436,1260,436,452,412,448,416,448,412,1260,440,448,412,448,416,1260,436,1264,436,448,412,1264,436,448,416,448,412,1288,412,1260,436,448,416,1260,436,1264,436,448,412,452,412,1264,436,448,412,448,416,1260,436,448,416,448,412,452,412,448,416,448,412,448,416,448,412,448,416,448,412,448,416,448,416,448,412,448,416,448,412,448,416,448,412,448,416,448,412,448,416,448,416,1256,440,448,416,448,412,448,416,448,412,448,416,1284,412,1288,412,448,412,1288,412,448,416,1284,412,1260,440,448,412,1264,436,448,412,452,412,448,416,448,412,448,416,1260,436,1256,444,448,412,1260,440,1260,436,452,412,448,416,1260,436,1260,440,420,440,448,416,1284,412,448,416,1260,436,452,412,448,416,448,412,448,416,448,412,448,416,448,412,448,416,448,412,452,412,448,416,448,412,448,416,448,412,448,416,448,412,448,416,448,412,448,416,448,412,452,412,448,416,448,412,448,416,448,412,448,416,448,412,448,416,448,412,452,412,448,416,448,412,448,416,448,412,448,416,448,412,452,412,1260,436,452,412,448,416,448,412,448,416,448,412,452,412,448,412,448,416,448,412,452,412,448,416,448,412,448,416,448,412,448,416,448,412,448,416,448,412,448,416,1260,436,424,440,448,416,448,412,1264,436,1260,436,448,416,448,412







warm mode:
Raw: (583) 3448,1676,468,1228,468,1232,464,372,492,368,496,396,464,1232,468,392,468,396,468,1232,464,1232,468,396,468,1228,468,396,468,392,468,1232,468,1228,468,396,468,1232,468,1228,468,396,468,392,468,1232,468,392,472,392,468,1228,472,392,468,368,496,392,468,396,468,392,468,396,468,396,468,392,468,368,496,344,516,368,492,356,508,396,468,368,492,396,468,392,468,396,468,392,468,396,468,392,472,1228,468,396,464,396,468,396,468,392,468,396,468,1228,468,396,468,392,472,1228,468,396,468,392,468,396,468,1228,472,392,468,392,468,396,468,396,464,396,468,396,464,396,468,396,468,392,472,1228,464,1236,464,396,468,392,472,1228,468,1232,468,392,468,396,468,1228,468,396,468,1232,464,396,468,396,464,396,468,396,468,392,468,396,468,392,472,392,468,396,464,396,468,396,464,396,468,396,464,396,468,396,468,396,464,396,468,396,464,396,468,368,492,396,468,396,468,392,468,396,468,392,468,368,496,392,468,396,468,396,468,368,492,396,468,392,472,368,492,372,488,396,468,392,472,392,468,1208,492,392,468,372,488,396,468,372,492,392,472,392,468,392,468,396,468,372,488,396,468,396,464,396,468,396,468,392,468,372,492,392,472,392,468,396,468,392,468,396,468,392,468,1232,468,392,472,1200,496,392,468,396,468,396,468,15704,3472,1672,476,1224,496,1200,500,340,520,364,500,364,500,1196,504,360,500,360,504,1196,504,1196,500,360,504,1196,504,356,504,360,500,1196,504,1196,504,360,500,1196,504,1196,504,356,504,360,500,1196,504,360,504,356,504,1196,504,360,500,360,504,360,500,360,504,360,504,356,504,336,524,360,504,360,504,360,500,360,500,340,524,360,500,364,472,388,472,392,472,392,472,388,472,392,468,396,468,1228,468,396,468,392,468,372,492,392,472,392,468,1228,468,396,468,372,492,1228,472,392,468,392,472,392,468,1232,468,392,468,396,468,392,468,396,468,392,468,396,468,392,468,368,500,388,472,1228,468,1228,472,392,468,392,468,1232,468,1232,468,392,468,396,468,1228,468,396,468,1232,468,392,468,396,468,392,468,396,468,392,468,372,492,396,468,392,468,396,468,392,468,372,492,392,468,396,464,400,464,396,468,392,472,392,468,396,468,392,468,396,468,392,468,360,504,392,468,396,468,392,472,392,468,392,472,392,468,396,468,368,492,396,468,392,472,392,468,392,468,396,468,392,472,392,468,1232,468,392,468,368,496,392,468,396,468,392,468,396,468,392,468,396,468,396,468,392,468,352,512,392,472,392,468,392,468,396,468,392,468,396,468,396,468,392,468,368,496,392,468,1232,468,392,476,1224,468,396,464,396,468,396,468














24cwarm:
Raw: (583) 3444,1676,468,1228,472,1228,468,396,464,396,468,396,468,1228,468,396,468,392,468,1212,488,1232,464,396,468,1232,464,396,468,396,464,1236,464,1232,468,396,468,1228,468,1232,464,396,468,396,468,1208,488,396,468,392,472,1228,468,396,464,372,492,368,496,368,492,396,464,396,468,396,468,392,468,396,468,392,468,396,468,396,464,396,468,396,468,392,468,372,492,392,468,396,468,392,468,396,468,1232,468,392,468,396,468,392,468,396,464,396,468,1232,468,392,468,396,468,1228,472,392,468,396,464,396,468,396,468,1232,464,396,468,392,468,396,468,392,468,396,468,392,468,396,468,396,468,1228,468,1232,468,396,468,392,468,1232,468,1228,468,396,464,396,468,1232,468,396,464,1232,468,368,496,392,468,396,468,392,468,396,464,396,468,396,468,396,464,396,468,392,468,396,468,392,472,392,468,396,468,392,468,396,468,392,468,396,468,392,468,396,468,396,464,396,468,396,468,392,468,396,468,392,468,396,464,376,492,392,468,392,468,396,468,392,472,392,468,396,468,392,468,396,468,396,468,1228,468,372,492,368,492,396,464,376,488,396,464,396,468,396,468,392,472,392,468,396,468,392,468,396,468,392,468,392,468,376,488,380,484,396,464,372,492,396,464,396,468,396,464,396,468,1232,468,1232,472,388,468,396,464,396,468,15732,3444,1676,468,1232,464,1232,468,396,464,400,464,396,464,1232,468,396,468,396,464,1232,468,1232,464,396,468,1232,468,392,468,396,468,1228,468,1232,468,392,472,1228,468,1232,468,392,468,372,492,1188,508,396,468,392,472,1228,468,396,464,396,468,396,468,396,444,416,464,372,492,396,468,396,464,372,492,396,468,396,464,392,472,396,464,396,468,396,464,396,468,392,468,396,468,372,488,396,468,1232,468,392,468,396,468,392,468,360,504,392,468,1208,492,392,472,392,468,1232,444,416,468,396,464,396,468,396,468,1228,468,396,468,396,464,400,464,396,464,396,468,396,468,396,464,396,468,1232,468,1228,468,392,472,392,468,1232,468,1228,468,396,468,392,448,1252,468,396,468,1228,468,368,496,392,468,396,468,392,468,372,492,392,468,396,468,396,464,396,468,396,464,396,468,396,468,368,492,396,468,400,460,396,448,416,464,396,468,392,472,392,468,396,464,396,448,416,468,392,468,396,468,392,468,396,468,396,464,396,468,396,464,372,492,396,468,392,468,400,464,396,464,396,468,392,468,1232,468,396,464,400,464,396,468,392,472,392,468,392,468,396,468,392,472,368,492,396,468,392,468,396,468,396,468,392,468,396,464,396,468,396,464,396,468,396,468,392,468,396,468,392,468,1232,468,1232,464,396,468,396,468,392,472



30c:
Raw: (583) 3448,1676,464,1208,492,1232,468,396,464,396,468,340,520,1232,468,396,464,396,468,1232,468,1228,472,392,464,1236,464,368,496,376,488,1228,468,1232,468,392,468,1212,488,1232,464,372,492,396,464,1232,464,396,468,372,496,1228,468,392,472,392,468,392,472,392,468,396,464,396,468,392,468,396,468,396,468,392,468,396,468,392,468,396,468,392,468,396,468,396,464,396,468,392,472,388,472,396,468,1228,468,396,468,372,492,392,468,396,468,392,468,1208,492,392,468,396,468,1228,468,396,468,392,468,1232,468,1232,468,1228,468,396,468,392,468,396,468,396,468,392,468,396,464,308,556,396,468,1228,468,1232,468,392,468,396,468,1232,464,1232,464,400,468,392,468,1232,468,396,464,1232,468,392,468,396,468,372,492,392,468,396,468,392,468,396,468,368,492,396,464,396,468,396,468,396,464,396,472,392,468,372,492,392,468,396,468,392,468,392,468,396,468,368,496,392,468,396,468,392,448,416,468,396,464,396,464,400,464,396,468,392,468,396,468,396,468,392,468,396,468,392,468,396,468,396,464,1232,468,392,472,392,468,396,468,392,468,396,468,392,468,368,496,396,468,392,468,392,472,392,468,396,468,392,468,396,468,392,468,396,468,372,488,396,468,396,464,396,468,1232,468,1204,492,1232,468,1232,464,396,468,396,464,396,468,15732,3444,1652,492,1208,492,1228,468,396,464,396,468,396,468,1232,464,396,468,392,472,1228,468,1232,468,392,468,1232,464,396,468,396,468,1232,464,1232,468,396,468,1232,464,1232,468,396,556,304,468,1228,468,396,468,396,468,1228,468,396,468,392,468,396,468,396,464,396,468,396,464,396,468,396,468,392,468,396,468,392,468,396,468,392,472,372,488,396,464,396,464,400,468,392,468,396,468,392,468,1232,468,392,468,396,468,396,464,396,468,396,464,1232,468,396,468,396,468,1228,468,392,472,392,468,1232,464,1232,468,1232,468,292,568,396,468,392,472,392,468,396,468,368,492,396,464,396,468,1232,464,1232,468,396,468,396,464,1232,468,1204,492,396,468,396,468,1228,472,392,468,1228,472,392,468,396,468,392,468,396,468,392,468,396,468,392,468,396,468,392,468,396,468,392,472,392,468,396,468,396,464,368,496,392,468,396,468,392,468,372,488,396,468,396,468,396,468,392,468,396,468,392,468,396,468,392,468,396,468,396,464,396,468,396,468,392,468,400,460,396,468,396,464,396,468,396,468,1228,468,372,492,392,468,396,468,396,464,396,468,396,468,396,468,392,464,396,468,396,468,396,464,396,468,396,468,392,468,396,468,396,464,396,468,396,468,392,468,372,492,1228,468,1232,468,1204,492,1232,468,392,472,392,468,396,464
