OPEN:
Raw: (139) 8960,4404,704,1592,700,476,720,500,700,1572,720,1592,700,1592,700,500,704,472,724,1592,700,496,704,496,700,1592,704,496,700,496,700,500,700,496,704,496,700,500,700,496,676,524,700,500,700,1592,700,496,704,496,700,1592,704,496,700,496,676,524,700,1592,700,500,700,1592,700,496,704,496,700,1592,704,496,700,19856,700,496,704,496,676,524,700,496,704,496,700,500,700,496,676,524,700,496,700,500,700,500,696,500,704,496,700,1592,700,500,700,496,700,500,700,496,700,500,676,524,700,496,700,500,700,496,704,496,700,500,676,520,700,500,700,496,704,1592,700,1592,700,1592,700,1572,720,

CLOSE:
Raw: (139) 8956,4408,700,1592,700,500,700,496,700,500,700,1592,700,1592,700,500,700,496,700,1556,740,496,700,476,724,1592,700,496,704,496,700,500,700,496,700,500,700,500,700,496,676,524,700,496,704,1588,704,496,676,524,700,1592,700,500,700,496,700,500,700,1592,700,500,700,1592,700,496,700,500,700,1592,700,500,700,19856,700,496,704,496,700,496,704,476,720,500,700,496,704,496,700,500,700,496,700,476,724,496,704,496,700,496,704,1564,728,496,704,496,700,496,700,500,704,496,700,496,704,496,700,500,700,496,700,500,700,496,704,496,704,496,700,496,700,1592,704,1592,700,1592,700,496,704,

26c£º
Raw: (139) 8932,4432,672,1620,672,528,672,524,676,1616,676,1620,672,1620,672,524,676,524,672,528,672,1620,672,524,676,1616,676,524,672,528,672,504,700,520,676,524,672,524,672,528,672,524,676,524,676,1616,676,524,672,524,676,1620,672,524,672,504,696,524,676,1592,700,500,700,1616,680,520,672,524,676,1616,676,524,672,19884,676,524,672,524,672,528,672,500,700,524,676,524,672,524,676,524,672,504,696,524,676,524,672,524,676,516,680,1596,700,520,676,524,676,524,672,524,676,524,672,528,672,524,676,524,672,528,672,524,672,528,672,524,676,524,672,524,676,524,672,528,676,524,672,524,672,

16c:
Raw: (139) 8952,4436,652,1640,672,528,672,524,672,1620,672,1624,672,1620,672,524,676,496,700,524,676,524,672,528,672,524,672,528,672,524,676,524,672,528,668,528,672,508,688,528,672,528,676,524,672,1620,672,528,668,528,672,1620,672,528,760,376,732,528,672,1596,696,528,672,1596,696,528,672,524,672,1620,672,528,672,19884,672,524,676,524,672,528,672,524,672,504,696,524,676,524,672,504,696,524,672,528,672,528,668,528,672,528,668,1624,672,528,672,524,672,528,668,528,672,528,672,528,672,524,672,528,672,524,676,524,672,500,696,528,672,528,672,524,672,528,672,1620,672,1620,672,528,672,

30c:
Raw: (139) 8932,4436,672,524,672,528,672,1620,672,1600,692,1620,672,1620,672,1624,668,528,672,528,672,1596,696,1620,672,1620,672,528,672,528,668,528,672,528,672,524,672,528,672,528,648,548,672,504,692,1600,692,528,676,524,672,1620,672,528,672,528,672,524,672,1620,672,528,672,1620,672,524,672,528,672,1620,676,524,672,19884,668,1624,672,500,696,528,672,528,760,436,672,520,680,528,668,528,672,528,672,524,672,528,672,524,676,524,672,1600,692,528,672,512,684,528,672,464,732,528,672,528,672,528,672,524,672,528,672,528,668,528,672,528,672,524,676,476,720,1620,672,1620,672,1620,672,528,672,

23c:
Raw: (139) 8956,4432,676,524,672,524,676,1620,672,1600,692,1600,692,1596,700,1616,672,528,672,1620,672,1620,672,1620,676,524,676,520,676,524,676,520,676,524,676,524,672,524,676,524,672,504,696,524,676,1616,672,528,672,528,672,1620,672,524,676,500,696,524,676,1620,672,500,696,1620,676,524,672,528,672,1620,672,524,672,19860,696,1620,672,528,672,528,668,528,672,528,668,528,652,548,668,528,672,528,672,528,672,524,672,528,652,544,672,1624,672,504,696,524,672,528,672,524,676,500,696,524,676,524,676,500,724,496,700,500,700,496,676,504,696,524,672,524,672,528,672,524,676,524,676,524,676,

warm£º
Raw: (139) 8936,4428,700,500,700,500,700,1592,676,1616,700,1592,676,1592,724,1592,700,500,676,1616,700,1588,680,1620,700,496,700,500,676,520,676,488,736,500,696,500,700,500,676,480,716,524,676,524,676,1616,696,500,676,524,676,1616,700,500,672,524,676,524,700,1592,676,520,704,1592,676,520,676,524,676,1616,676,524,700,19852,704,1592,676,520,676,524,700,496,676,524,676,524,700,496,676,524,700,496,676,524,676,524,700,496,704,496,676,1616,676,500,724,496,676,524,676,520,700,500,676,524,676,520,700,500,676,520,704,496,676,524,700,496,700,500,676,524,700,496,676,524,676,520,700,500,676,

cold£º
Raw: (139) 8964,4408,700,1564,704,496,704,516,704,1588,684,1608,684,1612,680,516,704,468,732,1588,704,496,704,1568,700,1612,680,520,700,496,680,520,704,492,704,496,704,496,704,492,704,496,704,492,704,1588,708,492,680,520,704,1588,704,496,700,496,704,496,704,1588,704,492,684,1612,680,516,704,496,704,1568,700,520,704,19848,684,516,680,520,680,516,684,516,680,516,704,496,704,492,684,516,704,496,680,520,700,496,704,496,704,492,704,1588,684,516,704,496,704,492,704,496,704,492,704,496,704,496,704,492,704,496,704,492,704,496,704,492,708,492,704,496,704,1588,704,1588,704,492,708,492,704,


